"R11" "R12" "R13" "R14" "R15" "R16" "R17" "R18" "R19" "R110" "R21" "R22" "R23" "R24" "R25" "R26" "R27" "R28" "R29" "R210" "R31" "R32" "R33" "R34" "R35" "R36" "R37" "R38" "R39" "R310" "R41" "R42" "R43" "R44" "R45" "R46" "R47" "R48" "R49" "R410" "R51" "R52" "R53" "R54" "R55" "R56" "R57" "R58" "R59" "R510" "R61" "R62" "R63" "R64" "R65" "R66" "R67" "R68" "R69" "R610" "R71" "R72" "R73" "R74" "R75" "R76" "R77" "R78" "R79" "R710" "R81" "R82" "R83" "R84" "R85" "R86" "R87" "R88" "R89" "R810" "R91" "R92" "R93" "R94" "R95" "R96" "R97" "R98" "R99" "R910" "R101" "R102" "R103" "R104" "R105" "R106" "R107" "R108" "R109" "R1010"
"R11" 104.365404726829 21.0948869799941 22.0698080326827 13.2457301307577 39.9290690166709 33.7641970776007 39.1393965124243 30.0581225393852 31.2605688914016 34.436553189419 17.4359155225478 13.0438803758832 47.1734027591123 30.2169875816511 27.4276160243336 17.4125124400326 24.9873479755376 21.5321797848437 24.6021150898701 30.4032283121039 29.4493523146297 27.1310814708446 9.36892291411222 13.1816508926177 20.2065760180204 16.9363496684032 19.1662075496066 14.0034529907723 22.3309175114561 17.016667685422 12.715045473624 10.2557997368272 13.1545853769667 19.8060181428277 13.9428568305332 14.8867204110639 13.5662861774025 13.7278085092501 15.3999253542854 17.1026575265873 15.1427146883739 15.2969552471234 11.8929818714923 6.08302163406429 10.8782615208778 8.38777867074732 13.0122453048569 10.166528269106 11.5423545801213 17.2618035016524 19.3416554889475 9.35652908944841 5.4780485483582 5.66922704500726 5.51247887304605 5.21446820636886 7.6173811332197 6.61777345703256 9.06817402764905 6.20905698081143 8.79202148153541 9.69927919860167 3.77121838829213 5.13293214382818 4.9544664125411 4.94519505887074 6.69682201971436 10.6966858771741 8.91609058063056 17.1784585904199 2.36412359553435 0.0706467366796561 4.79964776854576 2.43653388530674 6.65141515829464 2.29111042655428 2.69110570050548 11.709669480329 1.01443767235653 -3.93444463909171 0.0518039461019942 0.164185255394192 0.221015235287093 -0.22896774599604 -3.72191460200616 -0.296315327306278 7.11566987882261 -1.54642125410571 5.04312952049897 -1.0762708769287 -3.60157124377038 -3.116118037137 -2.87119387968769 -3.68830942280958 -3.28332231127216 -0.937281789004985 -1.57618541913633 -1.79310022854618 3.65816649410393 -3.84914487767663
"R12" 21.0948869799941 126.643733551822 8.75114079594907 16.4327176280973 15.6534714541343 20.4186330072211 14.3724437746986 12.2065996643553 29.6707353748198 18.1759710408953 18.3899470100804 9.57571413255988 17.1867732617647 7.8402426956235 12.0318868569732 8.11783275678651 17.5046138025731 13.3156841578946 14.6050878670639 19.4779198376702 23.193740647679 11.8653998647689 3.26411515333598 12.6456286678193 9.65319074276393 15.5670031821515 11.0791656410981 10.1866430689484 16.2213399584737 17.9006319209433 9.72887399251133 11.6807296174425 7.55510125914156 9.7982310380251 5.70882927256914 8.46409774555572 4.19559131228504 7.94280590482095 6.89259088112978 13.1528333212123 12.6537179880129 9.62282500117551 6.77934877893007 3.49794043588249 4.16239964661262 4.68965673394124 4.22653933964366 5.66952561797036 9.06760837908469 16.7209709691469 4.66763546619444 8.68083344497153 1.69325687415475 1.37847739351726 3.2331887555975 4.10746835753774 -1.70488636687397 12.5149737546853 15.2284267070249 16.8943674486599 3.51174753234091 -3.14942345408906 1.26144710139126 -2.05564550261412 0.155259747619358 1.08701460008766 3.40308043524783 5.04159779712182 5.47656668018562 18.2845755528811 3.75568076609678 -1.18032816405974 1.60319205257272 0.934706562463912 2.74478339456281 -3.40096187112754 10.5652184862359 6.11133669759072 4.20973660458857 0.577061959088805 1.11666890048611 -1.30562473798454 -0.429154769936581 -4.8209481688986 -1.94504184866291 3.40821876262992 1.29182791173792 3.39816106539543 10.8165282157166 3.27295051046243 -4.05170041182734 -1.73226001203167 -2.86919342216524 1.34845206242851 -0.835839271330591 -1.13089379829843 -0.47320215103387 6.38939047506253 -1.70903577980347 0.504261658407003
"R13" 22.0698080326827 8.75114079594907 86.453446209536 24.1799166576306 18.0942422546077 8.67000830826703 6.45086268842215 15.1842728338235 8.04878113237815 11.0227886127442 20.8546935507352 22.0672800339036 4.46944052066261 9.69685545928959 12.1193184412146 11.9005105363076 12.1444937033059 6.30921124782181 9.26988643193845 11.5599047117447 17.161277581194 5.99891633763578 14.1730679105448 3.5845026973044 12.2527113461642 8.89543795931399 4.89742385401776 5.44282941619317 8.73769918447282 5.0901983641334 13.5688854768919 12.0860417412829 8.21184050312985 5.67801713104578 4.3231029807287 5.6360001355115 3.00536190916457 4.9946029597636 8.43178224994984 8.77008060321555 5.71326089091308 6.38006552104393 9.5329724695505 3.60186205376417 3.57884063128137 1.61885859210913 3.36642472144534 1.59827044136115 0.38225060649484 3.39346922187445 14.4105427735888 5.51450070709456 5.24399599487619 3.83939825659651 1.89353528679087 -1.78353189187792 1.27121003316272 0.858559046925504 -0.283882846949666 8.57848801687478 8.15229460772785 3.93513123824284 3.87210789097015 1.97996214914983 2.1645566403947 1.06961712118648 2.43049455900708 2.13657292713804 -7.65131010393504 -1.2959195418966 7.92271130935666 2.12188965918112 1.22273776863496 -1.15213817361187 -1.35191946230293 -0.838989412484532 -1.47951813268455 -2.585371128849 -0.667885204134655 13.733099711419 3.84127867537502 0.409573738315802 -1.1308725579392 -2.13316072094873 -2.05575346927365 -6.77458426854709 -8.27604647073805 -4.30963870027381 -9.18149734012644 3.71526819543642 -1.02038849376595 -0.729258748668621 -1.68324494363979 -6.27141329800282 -6.83478764271514 -4.96782144918545 -7.72330312616442 -0.379604945932402 5.60502413903568 7.30217110045227
"R14" 13.2457301307577 16.4327176280973 24.1799166576306 96.886864019654 14.6464685886757 15.7724831885714 12.8486744871897 10.123647695715 7.7444007105316 21.2879184802316 23.4559756738593 16.8697452621139 11.3007150045297 3.65400039548842 5.95044187916833 11.5668143496767 8.90198262071307 6.28338188899204 10.4275967052633 15.596922421659 14.0440220019057 8.2082247654948 13.1231279854749 4.66429566903888 9.46442618691123 10.4919963932182 4.61829805190754 7.61285575055125 10.839418996787 8.70580742580101 14.566431412207 10.7054238011418 8.80897541725842 9.37030291517658 3.09059339200128 5.57975598968725 7.2763044171021 5.88341152056151 6.68193684903302 14.2142680140877 8.90025628259699 5.17142224536199 8.40832046512742 5.11220462885258 6.64978332216999 5.10552836166528 4.64982132939923 3.8454503749101 1.98443994212432 10.5464854598634 10.4170647312306 3.42528460266904 6.97376190262382 2.31886563564472 2.5171436622563 1.17698420417717 2.81766506323743 0.740008573161846 2.13416369825509 9.86790611563535 7.3317618206017 6.86505575430985 3.20677449828691 2.45200174791108 1.72430517329029 2.62252130962428 1.96093209446091 1.06355573505864 -5.90696721952636 8.34600467843756 1.83296458662133 1.90004888268289 0.874969888708427 0.481030971157446 1.3178429467868 0.488730561258024 1.52856078447655 -3.86298492234667 0.951728663514836 19.5259501217705 1.7998035956273 1.34317969151149 -0.411229677065028 -4.48241552615488 0.826631463560231 -2.7186520839235 -0.719813837946392 0.0507041271125152 -0.152109394843321 12.8690325078366 -3.70714032038394 -2.73333277140747 -1.51212532924925 -3.16869998296515 -3.46467590832394 -4.55116276175171 -2.78743168627079 2.29635064141499 8.30372387941662 10.1293188138954
"R15" 39.9290690166709 15.6534714541343 18.0942422546077 14.6464685886757 81.3419157153524 38.7848153185708 33.6803772918032 31.7941816072802 31.2466126354497 37.6963276755869 19.0812674343285 9.62303395343735 33.0817349683627 29.7042287827637 24.8798809823131 22.1414642270703 22.2314427826872 21.0938525686196 20.5802500698086 29.0148096633058 22.8294636260289 20.863906496846 9.39741032887977 15.7033987488952 18.3263705454408 16.9052516151342 19.3538381476753 14.5435140417572 19.98464337094 21.0457078492102 14.2044903838539 11.3218440470386 16.736225944114 16.1422063314649 16.1515135972425 15.3619138937532 12.6422561636682 14.175613961178 15.3660953944821 23.0180961453729 11.364234285578 13.374413558805 9.45874006920059 7.9849256889796 11.542179993802 8.83052505237474 11.3814725754681 8.6361624215493 12.7820877862412 17.991573043841 17.7371923911713 6.84282160004198 6.35817944830634 7.65335228463522 8.24967182326214 6.33792877282284 9.01657617492336 6.6308994288897 4.02998561725514 13.8890458480753 3.03465111403762 6.5758240011811 5.61131806888872 7.56732172940045 6.60450518419014 5.17915613963522 5.45474130113465 7.02542820618003 10.2480554620498 23.0730946175115 -0.526500166353603 1.3029271401194 6.83406749207203 3.20169424235303 5.56666768289732 2.00854166258532 1.8174818113304 6.4536862973448 -0.371968867397774 4.62317581724581 -0.60890137299477 -0.514834257304127 0.873411484713314 0.50795637439539 -0.983583927029362 1.68321887544735 2.20802045819088 0.498410814351231 4.79701160492473 8.85478197877269 -3.54702597364159 -1.55042573511551 -3.68406574275815 -3.07227236209588 -4.15695047604938 -1.76333851451593 -1.17164242097603 1.32748832254927 8.19554802781683 1.41427774763892
"R16" 33.7641970776007 20.4186330072211 8.67000830826703 15.7724831885714 38.7848153185708 103.683748901733 34.6195734633499 29.0980304270075 23.7467769708284 38.6354042261253 12.811956373663 2.15059572300551 20.1770956964365 36.0196810042234 19.3084077159988 18.5717450101831 11.7296102485534 12.1845901843747 15.8642433560218 23.8229155866757 20.7549379687969 11.5496674049754 1.16227095120576 18.0712018054694 9.89926842800917 9.97406536253747 14.6384679109709 11.9121025782203 23.0085516765035 16.414658652102 6.90148986557744 4.6007550524256 12.1202911728654 11.2522805964553 6.92559424906211 13.8002235269271 8.74968864261126 14.6188471702966 15.7876327235313 22.7528637426604 7.61044348456926 11.4321416127907 5.69353061403311 4.17186398154149 7.93447541351025 5.77316456313669 11.8335063701336 11.7559275496822 15.0851034764892 23.8307927830017 13.8820351070815 5.08828329202074 4.6076191748679 3.86740263130617 7.41091142527042 7.28345049080043 5.29184055974394 7.37888203758621 12.6463045652411 10.1461757363287 1.56472708561669 -10.1474992251997 1.77784728033767 3.88779539361974 2.4832897182944 7.70480484687771 8.28451477848863 10.6610282340074 20.97424512814 27.8209642392479 -0.8137652244826 -0.0206935429923883 4.73921130555246 4.2552087220133 10.5237517819954 2.69053801199701 4.50237319571759 13.7871499676447 1.47896705217721 1.07487458962871 -2.78671889442782 -0.760394839030308 1.63604881317194 -1.25117602154942 -2.83799671739739 5.63888097447255 8.03644178284113 4.50956999522404 10.7113867060113 1.61519321849162 -3.77307630896931 -2.39835811849223 -3.99224736659642 1.6215508803417 -2.85455621782574 -0.610692773479158 0.678191755615761 -4.91045379428237 2.91798190482397 -2.0414433400306
"R17" 39.1393965124243 14.3724437746986 6.45086268842215 12.8486744871897 33.6803772918032 34.6195734633499 88.2386496189211 38.7539671458679 44.3585296514269 41.0839284788024 9.90175581074454 5.71750478163345 58.3972145549766 30.7178299989184 31.8247683494016 18.671037347276 22.8927928491495 25.9706112076806 30.0831680032905 37.6410457838438 27.3592341713721 35.5735808748215 4.42218607081788 23.0350415296221 23.5795566589575 22.9791914453917 23.5292337850647 21.0922041421196 23.4199657657457 26.718022388892 5.99614935893224 5.34986949803127 15.3862373489962 18.8527624054727 18.3743189349487 16.5224999226388 16.3183501398293 15.3001553449821 21.6813647814401 25.3330403901142 11.0351828524852 17.3137261222337 9.54914345169925 5.38864461899568 9.85728187136827 11.0674157461665 14.0750177543968 15.3117314167749 20.8576293770433 27.0757358273478 12.3063478250158 7.97697658756739 8.23374485753435 6.90751448247454 6.74812565569774 7.97814038880557 10.6443601123287 9.65261379670771 9.86843417602893 4.50510587168778 1.59841036284394 12.2250142493911 5.01187400442659 5.23382290859668 7.73001962833198 7.33785025523111 8.33459102726934 10.3192437771611 14.3731943187031 25.9544929450958 -3.26378575317884 -2.02142213502744 7.0103923521806 4.32227512614096 9.20214286401475 6.54575881297252 4.06330560268657 13.6505858051373 8.18479240249667 -1.56382890861695 -2.83619969634453 -1.20790236667653 2.72576516158476 0.362580905625042 -2.66478224790936 8.05314966127098 12.5210807072195 4.93454217049348 7.68380518664769 1.5768785822235 -4.45239615564127 -3.52425050962807 -4.2333331230326 0.280362934242452 -0.464743817707115 -0.433875674177345 1.62982109266446 3.51977089707159 -1.12455241466684 -3.17277676801554
"R18" 30.0581225393852 12.2065996643553 15.1842728338235 10.123647695715 31.7941816072802 29.0980304270075 38.7539671458679 66.0611039904384 33.7468075374629 34.6901029410416 5.89502512673374 6.20961559138449 38.6120543664643 26.6172918306358 28.281395721521 20.584371230656 20.9093925579086 23.8862179644529 26.0349030629783 27.9930518696025 16.5573887516379 23.4323676712893 3.46496300582178 21.1477348285397 19.5739380798845 18.9860370820232 19.9130721430311 16.6757270876747 20.4632216588584 20.789866439217 1.61584688474609 7.05342936704774 12.6157931178725 13.1450169572128 15.4260992511761 16.6160234267523 13.813403376845 12.8819979307131 16.8410684914038 20.4098342821499 9.13100592501068 13.1949418554261 7.45567589592579 7.27785483681203 9.63629542836989 7.60198402242579 14.0635304964154 13.1264457243708 16.844592121077 20.5572581521474 11.7439547195571 5.74729884429501 6.82824132419461 5.96181657924773 6.34132991032395 6.55280430002724 8.66748908323432 9.34280987713795 10.1332785440443 7.72111993953637 1.61611815516658 6.45776156861197 4.47728418960264 6.03692688487804 6.48122771234727 5.78193988396441 8.80165813657669 10.230471805263 13.563684546383 21.6501021732057 -2.80804840460294 -0.978390237484912 3.26100913569611 2.60418587055416 6.69285051221551 3.48183822852478 4.80350394866947 10.7635457873368 10.117912829724 1.39202371429828 -2.70178963981901 -1.05456374842985 1.53079399695257 1.30390782246468 0.613946643484775 4.69338494968039 6.27626800653146 7.05643328150081 5.848105958476 1.78971483312217 -4.1884026462446 -2.8197024733491 -3.25751124190775 -0.487338525806315 -0.926309493742439 1.64827198756491 2.0244449686567 3.72668242704622 -1.24388643381955 -0.370761345808945
"R19" 31.2605688914016 29.6707353748198 8.04878113237815 7.7444007105316 31.2466126354497 23.7467769708284 44.3585296514269 33.7468075374629 60.4759150684561 41.8319492456478 7.20297017651539 6.78912517665553 54.0916683664402 21.5736475549548 29.3683063986939 21.6835258168202 27.0311085583693 31.5361115547614 32.2908110270733 39.2922562113221 22.2182801101805 34.3188280594852 2.31827774798902 21.1845699871198 21.5630738465669 25.1420750239805 24.1667141029314 22.2314490115477 24.868961168351 30.2279332373915 2.92293216606479 5.79235210433438 15.9672978321078 19.4806427621216 20.4871436940658 17.6499062064382 16.3793082906185 17.6309437364629 20.0581449636298 27.2167625693609 11.6104402300284 14.3912858648782 9.87532996195458 7.51242078347227 10.5610505036891 11.3212971567561 12.7488614781124 15.4768050928219 25.4248792837364 22.3823895541289 9.96145758864756 8.43612998002616 7.36194693012441 8.38415413287432 8.51320739105158 10.6007670681124 12.026631592695 15.9366299741785 12.186860448096 12.2836375576463 0.479357672112991 9.84907899815021 4.45291894661418 5.64653665954486 8.18874127586101 7.45379906247009 11.0119984263358 12.6070599837756 17.2482231871396 26.1222447204537 -3.75224606051795 -0.920845354230835 6.7565496950383 4.87128359036902 6.70927728924786 3.33478192419158 7.59625460469196 12.2744976176812 12.6554784878512 -1.32347898417466 -3.46878672138163 -0.173374963953886 1.26532035914805 1.3506212869637 1.66389057839632 6.55056933442763 9.61357694232928 9.73221190943658 10.391838441727 2.78940816553569 -4.7849162543773 -3.64572113637838 -3.95149005802545 0.37884423784504 0.536477037389533 1.54669662836104 4.32191557245013 8.24354048242993 -1.56778435152816 -2.51304631138966
"R110" 34.436553189419 18.1759710408953 11.0227886127442 21.2879184802316 37.6963276755869 38.6354042261253 41.0839284788024 34.6901029410416 41.8319492456478 69.216397986543 10.8452611570221 8.39965925497335 31.0663170980249 32.4030962354481 33.8564102817936 26.237526817867 25.2318736210643 24.7819725018605 28.7593938484949 43.9009845054709 22.1389360697928 24.5858730590899 6.43313488831783 20.8613340650823 18.061917699893 16.6682398101709 22.0135003941597 19.5056128692983 27.4215747347087 33.1166936064717 9.75159258466699 8.32177986647923 16.2996481629427 15.0579209154262 18.3306529604696 15.5827914638641 16.2068423275918 20.9363050363991 21.3505117902611 37.7417905720285 7.81980243783574 11.2552743062991 9.87085494756376 9.35524436775152 12.5130403635143 11.0110741745861 15.1571324673612 14.3740603052782 24.8935001104297 30.1001372407544 10.292042857351 6.6355645997472 5.56480534015706 7.38226067927022 8.07369864955855 10.713852571759 9.623876605598 15.3822158994058 13.5874881916673 21.1376326318339 -1.10267461094553 2.09467586698157 4.31764609939077 7.24016430729993 7.96795418690667 10.0647439435317 11.7669186260799 11.8587905655739 26.6368935436806 31.197128653225 -4.0283579230774 -1.32109106506693 5.90485466676261 6.36602927260734 6.22812364252899 4.18111667900936 7.06026396598947 11.4842329503377 6.61426015110286 4.21528701242216 -4.29084052835435 0.369977268807691 1.11332388159849 3.06919738820914 4.3887740602244 5.21535402651988 12.9165120960564 12.6232523176748 13.0649210556848 10.4006181639875 -6.10586200767022 -4.81174727452335 -3.83340850672855 -0.766587683270805 -0.520536233767278 2.63117450020707 5.35969642663853 5.35312524104117 6.32735314362934 -0.670726431110067
"R21" 17.4359155225478 18.3899470100804 20.8546935507352 23.4559756738593 19.0812674343285 12.811956373663 9.90175581074454 5.89502512673374 7.20297017651539 10.8452611570221 72.5791028411133 17.8391087335912 9.91288174445476 6.51129782943574 9.58123689535821 5.37321966825687 5.98902512349124 1.88904176906475 4.38585987548684 11.9914245672258 18.7992191452237 9.98997628703992 19.9521947566075 1.29804450610919 6.93914604933429 4.71893920059039 1.46448025508256 4.06447124620573 4.01565962999486 7.30962753580882 27.8038016566059 13.9661479469492 10.119360087355 6.71141236492618 1.38808113736848 3.55022269218217 0.0710531958105112 3.13409472043418 1.80525420887327 11.0359158575369 14.3391274507854 5.31388939926228 7.85985104356023 1.19174355006734 4.11550492828263 2.34007771492994 1.82139719368266 0.230560854299582 -2.25419912591864 0.499930954531025 8.32806402909057 6.29870201702685 6.12974162385478 3.04708022365105 1.57505089592494 -3.84208119341138 -2.9883281370644 -4.28193289173332 -5.8021344677844 9.84136442721501 8.84779746708339 6.62781456803191 2.34871320623072 2.19763339905537 -2.0588042138442 -1.94745342301593 -0.445864598822573 -4.68052247686483 -7.78573788965878 -0.292494179258081 10.6617680155861 2.75725424031787 1.49263726832925 -0.825642635564396 -1.70693618861619 -1.61796263651391 -1.3850321296369 -3.76102819808558 -5.00422609970291 9.076202957594 5.34644170322267 0.381903085815738 -2.95028846495728 -5.56354734994072 -2.47625634621092 -7.65849329348142 -5.7184604547473 -8.64276207039252 -3.21809810617525 13.1383712277931 -0.931401427666963 -0.751244807385141 -0.688316515206952 -6.56416554486854 -6.35686695876344 -7.44963514556046 -6.80915079910745 -2.45919472671658 10.8388290852696 6.66012709663102
"R22" 13.0438803758832 9.57571413255988 22.0672800339036 16.8697452621139 9.62303395343735 2.15059572300551 5.71750478163345 6.20961559138449 6.78912517665553 8.39965925497335 17.8391087335912 58.1965266667443 7.78161981397309 5.31082194895289 8.93447503672007 5.4368485681399 9.56244348684875 5.37157455718312 5.01125239715088 10.839832148579 13.1327688513158 6.65761106735715 17.5438246959863 0.965134787573941 6.855041626657 5.64887898675348 1.41018862112498 3.76857274421009 4.5866872450605 3.85193206186991 17.5963454834617 10.4845836914442 5.7195256457953 6.42457813463632 3.93900842952979 1.33817501454234 4.29881752835863 5.04948295097137 5.56344474094787 6.99031973033547 8.75731149060354 4.28860205900846 7.49802317975383 2.9567108023588 1.63478942793608 3.67147957755394 3.01862226319411 0.391091348501219 -0.203826836956705 2.69196638327416 5.89597800713913 3.70288199060461 7.39541843862891 1.74159494562854 1.79867598239916 -0.966712814676818 1.84501335548187 -0.208959623380293 -2.37071807581752 3.93630946436823 8.47394914866626 7.00694743654815 2.02731615151813 -0.110429220486042 0.303947839991677 -0.538021240489697 2.94968464855869 1.89659799921385 -3.0697599011156 -7.02416550005812 7.34759951727699 1.40296681286786 1.42389851832622 0.533453704790431 -2.88038289624282 0.820604128886559 0.153825174638605 -4.20730039403139 -0.469141941934835 4.74950812712408 4.59921172412292 0.773446816969866 -1.36810595752912 -1.44773694785421 -0.903195583678359 -1.09169477234618 -4.6230533501501 -2.31158821146998 -4.23966485038884 5.46489943965412 -2.10062251585719 -3.15288593335283 -0.673245963922836 -5.83139809830547 -3.97320101396132 -2.83681167390296 -5.84578661643322 -3.99152458569997 1.53979740962541 2.35106035058719
"R23" 47.1734027591123 17.1867732617647 4.46944052066261 11.3007150045297 33.0817349683627 20.1770956964365 58.3972145549766 38.6120543664643 54.0916683664402 31.0663170980249 9.91288174445476 7.78161981397309 143.828018253565 23.6894711363134 36.4197949505512 14.2483307259223 31.2849719716761 36.8725951213327 40.302348066494 40.3660609559829 39.9307107488514 48.2110881129915 2.16182027572171 24.7465599068105 29.0134765082809 36.5087625707326 28.6689340296803 27.7956751774904 23.8757776559166 22.9403069023865 8.60371709002995 9.33716795116995 20.1743324296987 30.1688198638213 25.4595765874783 20.4355570602021 21.2766248329183 13.1726457142448 22.9174455179333 19.9984531904337 20.0107386237946 20.4998221661339 16.5853450143933 7.69749347806556 12.8148702232035 13.1436324100021 14.5208798508557 22.3948097378248 20.4116376431155 19.7063470905284 19.54058818524 10.3962717688047 13.3777277739612 8.65911988762095 5.11464396862046 8.55448913652611 17.6502045490883 11.117802111948 8.92657193900518 3.20572253299116 8.29898985080058 32.1923203227261 5.50246442388612 9.7622294412874 10.7012674239401 7.83482523100625 7.21380220450159 9.65856287856417 9.02083336375864 23.2610724868737 -2.22239195769792 3.06112562470505 7.80642028643714 2.80657989484169 9.03737288392359 7.6561715649996 4.68865585180815 10.9178111179886 15.1972251083699 -0.218820196775252 -0.15177603511314 -0.128217110971888 1.17400169388465 -0.638807276384867 -2.18039545483857 4.8934195293147 7.69981973792516 3.31904618299722 5.98027969227326 -1.16150794397033 -4.52193754193137 -3.98394742035014 -5.51423191853708 -0.409220870801298 -0.317720608100057 -1.78239542615652 3.14431270912297 7.54175118655589 0.614508949278309 -0.945266377666693
"R24" 30.2169875816511 7.8402426956235 9.69685545928959 3.65400039548842 29.7042287827637 36.0196810042234 30.7178299989184 26.6172918306358 21.5736475549548 32.4030962354481 6.51129782943574 5.31082194895289 23.6894711363134 60.4466444939605 24.5235239322337 21.7453284047934 17.7075981208589 16.1547587462391 15.0348687982671 19.0621598220666 17.6959602274061 19.4836999135342 3.7552310855271 14.9666679576485 15.0675209140752 9.51120050068841 17.8092058035822 10.2959884660516 16.0507229365105 13.6607186685925 7.08438988791229 6.38522835596333 12.4651347628859 11.7637030493351 12.868284528171 15.0607557299765 11.1724041081123 15.7169190002992 13.8556335775439 16.1663049472457 8.16233819338961 17.0376312814012 7.43610863187378 7.0419606872273 8.06963939459947 8.22361537622231 11.0711360914073 9.41270619158223 11.2988090967486 15.858745838186 15.3383221342629 5.03579827352423 3.53523869382603 5.1497458359618 6.59436935290688 5.40298994189116 5.06229310401763 4.67310867374888 10.0503863177737 3.44070184137918 3.92552738384942 2.76276076411704 2.8821138300425 4.77462990053177 6.28728042131886 5.76789483359313 7.09694423671167 6.71003357003789 15.175540435593 16.1472952599411 1.30868369805756 -1.29173623149299 6.86010152996246 3.9718195826629 7.25698904586529 2.30573687374837 -0.92635083911275 8.98489185494908 0.626189674664355 -2.5021326930288 0.169820647396691 -0.36552723727724 2.03660975956063 1.72449007602497 -2.20335088541215 3.35043292210999 3.59902444956888 3.67594078460281 0.758594117135518 -2.04287810995399 -3.20033578821332 -3.38998525949493 -4.76168677570165 -1.19438348418999 -1.83272765788043 0.814778599179082 -0.0810262931622287 -1.63403094418721 -0.155146340763553 -0.894271160357451
"R25" 27.4276160243336 12.0318868569732 12.1193184412146 5.95044187916833 24.8798809823131 19.3084077159988 31.8247683494016 28.281395721521 29.3683063986939 33.8564102817936 9.58123689535821 8.93447503672007 36.4197949505512 24.5235239322337 51.5667483537784 14.9802336905808 21.6602636694187 18.8828333597688 21.3879965695337 28.6735104589574 17.1368226668176 20.222842448335 5.82824066282768 18.0491751980195 18.7810001214998 16.5500312877541 18.4217211009118 14.2093296372868 15.6511394361228 19.5674342153695 7.99735177188432 10.7347674533649 12.3882969494114 12.3736334303571 13.4472064039696 10.7430517513655 13.655038610114 13.0666380373585 16.959545758484 19.9825897812343 9.07808996346429 12.7790135729085 11.8357379608217 6.56943213841536 9.55219018893764 10.2072735892173 12.4897320429893 11.0026794611841 13.5775992542017 17.6882873501784 9.61019992473058 7.73567658609009 8.39293626181737 5.90137734681387 5.37972131253316 4.95468078690239 6.53985484953327 7.75469071649764 7.19856786083242 9.12262025037146 2.68367539544894 13.0459084572022 4.75981637639311 6.0079725654109 6.95672147939639 6.89803257586408 6.42349102132448 7.56952049902007 13.8729644315606 12.7645530668497 -0.201415640071279 -0.515270853226068 4.05088279891271 3.90193105573131 4.39549457117361 2.6376659185674 4.19114414521036 8.071018037613 4.79358064462957 1.75472593806586 -0.836509177691605 0.134107412434024 1.64404030876359 0.610562495821826 0.98613011682584 3.2378382752265 6.88206931205383 8.48768045226515 4.06074155894091 3.89825751724836 -3.78114405678289 -2.30567657678974 -2.28733937478468 -0.834809954777735 -2.41363638107011 0.673019258921366 2.58303105989747 2.24641174573592 3.28473129683903 -0.267880675454294
"R26" 17.4125124400326 8.11783275678651 11.9005105363076 11.5668143496767 22.1414642270703 18.5717450101831 18.671037347276 20.584371230656 21.6835258168202 26.237526817867 5.37321966825687 5.4368485681399 14.2483307259223 21.7453284047934 14.9802336905808 34.6144144447086 15.3721443971807 15.5680112478279 14.0500546076709 17.2346287939279 9.3120209672845 16.6502275883437 2.56427750764089 12.2002695996645 11.8496894245092 10.3490749916954 13.3149856494317 12.3611238499817 15.4655970362609 15.1740422716587 3.77457227198984 5.30316216986214 9.27298629386779 7.31264671438459 10.461773382247 11.597678877065 9.65181946406699 13.1152532671665 11.6490164389448 17.4126903918085 3.74918684013385 8.51086762839005 6.94946249471474 7.5918622416257 7.19131763898581 7.11477466143176 8.14161297227777 7.30218479421284 14.1652393374149 12.9668866007982 8.77825425852173 3.5792653332464 2.96455478734447 5.25687064595509 5.98982709522614 6.8065693910614 5.49227401873563 7.28095745977766 8.00644460913223 8.4477494995334 0.319794521866659 0.629947672158808 3.50180613964492 4.27709393171363 6.81269128625626 5.00376728985568 7.72911854984695 7.45969247842912 11.3779732901616 15.3258358779243 -1.94698184268581 0.267048193137358 3.93713282948951 4.51450512723667 3.38042488326182 2.45512076305345 1.89359318445353 5.28923444470782 5.19492033888676 1.8744180668245 -1.34967325890274 0.244846199945468 1.63930009382143 3.44379179484474 3.37472389370989 1.70314996179053 7.36921880745728 5.48772373356742 4.27880597475194 2.59535928900076 -3.23560105704394 -2.93379881276439 -2.67042234240379 -0.454817903419002 -0.63256021202601 -0.516540816852389 1.03624631186278 2.79994815836038 0.309855319581593 0.19287060573758
"R27" 24.9873479755376 17.5046138025731 12.1444937033059 8.90198262071307 22.2314427826872 11.7296102485534 22.8927928491495 20.9093925579086 27.0311085583693 25.2318736210643 5.98902512349124 9.56244348684875 31.2849719716761 17.7075981208589 21.6602636694187 15.3721443971807 31.1791365801476 20.5854443723411 20.9260620827027 25.0251316107493 19.3569371173854 20.7538846220758 6.25493960441877 12.521628733822 17.4591031647187 15.2317001342867 17.2504262713053 14.3478682699615 16.8022086803505 16.4769243203386 4.84523186642974 7.20072871731725 12.5927691310664 13.7174846731026 13.539118789011 12.3418848717767 11.706938722396 12.779799407446 13.9702893225867 16.953919685671 7.49341443606913 11.0297102708319 9.34648696295435 6.99324238911205 8.02787188889768 8.36621341648762 9.30890394987743 9.32556837425893 15.1229705247532 14.9440133873104 10.4022623354213 5.78318146143546 5.87381268554464 5.79794162420778 4.93434488914256 7.07947440503764 8.45702405418357 10.7888553269209 9.3772359297631 11.2114546112055 1.90705145671154 8.49567590312791 4.01531604755007 3.24826226691914 6.22567607462016 5.56728144022329 6.11645648688415 8.89052377500822 9.59442169073136 15.3433168887575 -1.23873051855934 0.765563368000944 3.77860082080189 3.23029810855537 3.97507048395111 2.60926033492317 4.53237829160977 7.98713643087913 8.563603745002 3.82573977048078 -1.26021724919468 0.106804255315012 1.17589021430812 0.207022528927377 1.44680469942332 2.79203583009072 5.49192531090125 5.49166685430576 5.07543848723277 3.51534691462953 -3.76432682321325 -2.9506199074698 -2.56702276006385 -1.07587577808919 -0.339757086158083 0.719290081850447 2.5219200051455 5.92481472773075 2.0806256134187 0.275950042714501
"R28" 21.5321797848437 13.3156841578946 6.30921124782181 6.28338188899204 21.0938525686196 12.1845901843747 25.9706112076806 23.8862179644529 31.5361115547614 24.7819725018605 1.88904176906475 5.37157455718312 36.8725951213327 16.1547587462391 18.8828333597688 15.5680112478279 20.5854443723411 31.4074422499138 22.0714085146883 24.5774250193094 17.3284334365193 22.7629032417286 3.85261962843652 14.9650505017513 16.7965620771657 17.5657810604635 17.4457638834189 16.4062585292442 17.003327199499 18.6268787950136 1.95285041027708 4.21275921198108 13.0238486051461 13.5681945907249 16.0507697177562 13.0953013476652 13.6731314398874 13.1704243283894 14.8346936441661 16.9315624537602 8.09147139403979 10.5191972806081 7.30663092067865 7.45191979834618 8.21686207438607 9.26263613918503 8.35384530323607 11.4099244887766 16.5533422465319 16.3771967332302 8.59233875009343 5.79896893768636 5.72115280882959 6.30204792042151 6.04928653406753 8.3962769959739 9.33113169391274 10.4740845931241 9.30385932527803 9.31801100945852 0.55957274574033 7.34130384159079 4.62418498184704 4.69959779923595 7.1129792327532 5.75220151912548 8.10980984316014 9.41178529045773 11.1617795316285 17.0763903065087 -2.91937065363275 0.0533098499987807 5.64556715188084 4.1848260735753 4.71776490689176 3.9873594138741 4.84123179013863 8.64397606325115 10.6025136619493 2.15112726646406 -1.86765567655421 0.0188570794960874 1.54325075361715 1.68803021921125 0.664568656145549 4.08883607817603 7.0031891789867 5.97247964676415 6.57489743694355 1.63777551085419 -3.98343233953493 -3.15045392785462 -2.93290103640295 -0.672938314266743 0.28713063638481 0.980341609248963 3.30558482604983 5.80917967261532 -1.04667733177872 -0.109810606411442
"R29" 24.6021150898701 14.6050878670639 9.26988643193845 10.4275967052633 20.5802500698086 15.8642433560218 30.0831680032905 26.0349030629783 32.2908110270733 28.7593938484949 4.38585987548684 5.01125239715088 40.302348066494 15.0348687982671 21.3879965695337 14.0500546076709 20.9260620827027 22.0714085146883 33.2623703148499 28.8217305807859 17.7211790467335 22.8595714204252 2.97463929650415 14.7237978281178 18.5863530686887 17.8245472457104 16.9231120049139 17.3097897648039 17.9429618087574 19.3318101851456 2.37923968300587 6.22277637552765 13.6883279630391 15.082973798334 15.6158377848492 11.7654028285164 13.6565376792668 13.1915538468987 16.1204651345059 19.4882984963131 7.64772927517806 10.496761609047 9.64142358696132 6.36144944247876 8.89589364354087 8.47018496582244 11.1329919371238 12.8989204388701 18.3509924120896 17.7705844266832 9.12335202613887 5.84367665623876 7.41871866432223 6.35361712983227 5.47900431983732 7.45203211761792 10.68243557886 11.195482870339 10.639312222819 10.6034044920351 0.896690551317124 10.7826734815516 5.0936379898852 4.6805272435979 6.72263414162031 5.56629659074498 7.52234679376858 9.40947752046036 8.74404444157021 17.7314025874753 -3.16106797576788 0.454342658307031 3.62374157139303 4.10233204826536 5.56029159573867 4.75567935283421 5.84440094822375 10.6389019492026 10.7941849775634 4.27887005950076 -2.40821845478736 -0.0381623836356648 1.2700360608257 0.288049595544866 1.85331742987221 4.07077444949365 6.57006145561106 6.93493368624667 6.13829106666235 3.1640053547186 -3.98756664981662 -2.9225750476862 -2.69188992742467 -0.186253629925115 -0.310554789047345 0.171093618620736 2.68102881167856 6.95027521068466 0.804946732984791 -0.358547112555986
"R210" 30.4032283121039 19.4779198376702 11.5599047117447 15.596922421659 29.0148096633058 23.8229155866757 37.6410457838438 27.9930518696025 39.2922562113221 43.9009845054709 11.9914245672258 10.839832148579 40.3660609559829 19.0621598220666 28.6735104589574 17.2346287939279 25.0251316107493 24.5774250193094 28.8217305807859 50.1480987143781 21.3168442566578 25.4780451156322 7.87103473517266 17.3887868355069 20.4177033078859 19.9427207012189 20.1013116377206 20.0621765104097 23.6045713957462 29.0255118534808 9.42800443288612 8.76253886014131 14.373394390283 17.8211961485687 17.2613764927633 14.1670374080887 14.8603328585727 15.7036051360711 19.4414574175206 32.3456766362687 10.4109434360596 9.66160237639946 10.930235195758 6.50267811386851 10.9964617343637 10.472181444125 13.5452965629822 13.560050467137 21.8491600589832 25.8299555631929 11.6933275631209 6.65932674689653 8.22515670312229 7.07561631813777 5.80208584898997 7.81100022996903 10.9429069962058 14.1457555048425 11.2072113760527 19.5940136138807 1.52156997927341 9.46408095012801 5.25587043654479 4.96681890776411 6.00988520851491 7.60049860152974 7.70037582951734 11.3740388837781 14.589077256854 26.9913378548242 -3.25859599715904 -0.0927883864477874 4.22915447505453 3.50502114677149 5.43903802593078 4.36003712645781 7.41455682414437 10.7309484923524 10.2483160169676 8.84643457820119 -2.93371274277049 -0.217117102568763 0.44417265457782 -1.37726093177707 1.69240807862473 3.52279038989052 8.95554773970092 6.82584176711052 10.6353927978741 11.0231575310256 -5.41153770070173 -3.96302803328875 -2.64110079734966 -1.14306102521508 -1.32687086375018 0.404380253537804 3.57568738687308 7.21215615885155 7.97337783606642 3.43814755041535
"R31" 29.4493523146297 23.193740647679 17.161277581194 14.0440220019057 22.8294636260289 20.7549379687969 27.3592341713721 16.5573887516379 22.2182801101805 22.1389360697928 18.7992191452237 13.1327688513158 39.9307107488514 17.6959602274061 17.1368226668176 9.3120209672845 19.3569371173854 17.3284334365193 17.7211790467335 21.3168442566578 67.548260954136 26.1871102882782 9.75806370468796 12.6498814744625 15.7518917601974 17.3071546704166 15.0437233816418 12.4531238122065 11.4842830805308 12.6690495133285 15.2229057885949 11.547721994326 15.272872310766 13.9907956791844 11.8507684926687 11.5629019455774 8.65402694516311 9.78876674229876 10.0559751154604 15.1774095252043 14.6611841930146 14.473600275656 11.0935469473932 6.97379308224135 6.51956790181628 8.76177852397134 8.86685968832408 8.80291905986237 7.64615001212563 9.41375994420371 16.4152605036461 8.52127682970807 7.90487994656442 6.88072239249551 3.63788504334169 4.43153975880009 7.12849770264956 5.0851897266438 2.76503901717418 10.5614263715152 8.1240143173422 10.9431226393682 3.31876568964297 5.4767992442221 4.61691426975973 1.77451545472454 3.93331796438943 2.36993004152335 3.37687095281297 10.5363392244275 6.14146694520554 2.73549225886228 5.07930187180548 1.05502205245975 2.99265353669111 2.03880735478909 0.788235669120052 5.28561329988472 3.65618944795235 3.96379492696063 3.42351678040199 1.24374995642112 -0.182538128581144 -2.7895042717893 -1.19364304386773 -1.93145703930794 -1.24065650216399 -1.06887639363917 0.598903047501768 2.12550783652858 -2.343151516464 -3.07091006077415 -3.39054815159856 -2.9399127845848 -3.88691876463139 -3.49706362782981 -1.29688123718321 2.98238317379986 3.58765055926481 2.78532737262308
"R32" 27.1310814708446 11.8653998647689 5.99891633763578 8.2082247654948 20.863906496846 11.5496674049754 35.5735808748215 23.4323676712893 34.3188280594852 24.5858730590899 9.98997628703992 6.65761106735715 48.2110881129915 19.4836999135342 20.222842448335 16.6502275883437 20.7538846220758 22.7629032417286 22.8595714204252 25.4780451156322 26.1871102882782 59.6020373119988 6.78113961504583 18.5825575068912 19.1433583060855 17.8958216647052 18.9477439177992 16.4061210356274 15.7058852624896 15.1160291689205 10.6170193915306 5.47300728692242 17.0603937563987 18.0136690435897 17.1171998220762 13.8293890180189 12.3678024794611 11.1985421781177 13.1045222229215 15.114462805215 14.4920711675363 14.9924591568165 9.24720723016849 8.24053822710309 7.10167042417413 8.65021492835606 8.25746714367361 9.45614747379487 15.8019785235878 10.1485665496864 15.1672250684338 8.42548017517459 8.26625877834256 6.00070722470332 5.07655904044534 5.96267996418489 9.19959107383806 6.63083286314449 4.41111324442323 6.83989314239272 5.98311232208072 14.3325904459292 4.35375709702235 5.30408909114441 6.53898615813667 3.88147549094498 3.42567135866197 3.65857118222144 4.98689368180506 13.3860211446367 1.89511636318946 1.45162720917705 5.72410719237162 3.51248353869948 3.87548953682489 1.4698062638706 0.286262678618669 6.40174033674149 5.67919882532472 -4.48893412139571 1.93002003969981 0.540979914288545 1.50353680033114 0.50340185309291 0.583282232489319 1.29354677895422 2.65822819159821 1.13862471705281 -1.01680668624693 -1.31325562608465 -2.54880764395252 -2.72044833884696 -2.91825835036011 -1.97727557801852 -1.67495265021067 -2.25484126315013 -1.89941430216383 2.99240977665215 -3.15774557131151 -2.54465614678303
